100
0 125
1 188
2 240
3 6
4 245
5 171
6 28
7 201
8 219
9 155
10 178
11 87
12 97
13 207
14 64
15 117
16 110
17 122
18 83
19 89
20 133
21 194
22 49
23 144
24 20
25 145
26 244
27 208
28 75
29 206
30 98
31 102
32 21
33 122
34 99
35 217
36 128
37 11
38 214
39 160
40 38
41 111
42 179
43 103
44 213
45 120
46 219
47 188
48 163
49 158
50 84
51 69
52 128
53 110
54 125
55 21
56 61
57 222
58 184
59 236
60 92
61 140
62 25
63 3
64 30
65 122
66 73
67 178
68 157
69 227
70 113
71 239
72 59
73 170
74 136
75 146
76 231
77 232
78 54
79 246
80 70
81 50
82 229
83 38
84 156
85 150
86 124
87 171
88 208
89 229
90 112
91 225
92 63
93 77
94 22
95 177
96 179
97 139
98 147
99 187
101
1 97
71 28
37 58
77 97
94 4
9 31
45 75
35 98
42 99
68 12
60 57
94 8
95 68
13 30
6 62
42 65
82 52
67 21
95 12
71 1
90 31
38 57
16 90
40 79
35 6
72 98
95 19
54 23
89 60
5 26
23 6
13 70
38 94
20 44
66 34
26 94
63 38
44 90
50 59
23 47
85 17
72 39
47 85
96 85
23 20
44 68
35 15
25 34
42 11
79 52
44 95
18 96
92 15
91 33
69 97
53 47
25 10
62 11
8 77
61 25
35 68
95 76
67 39
74 31
56 1
72 60
94 84
55 89
7 15
93 69
80 55
55 6
63 2
76 8
49 31
44 38
8 97
51 49
3 31
31 14
19 75
9 80
29 23
54 60
37 45
17 25
0 56
64 97
48 4
50 76
12 54
97 4
81 48
65 78
99 9
29 53
83 47
7 73
22 5
76 53
24 30
