300
0 125
1 188
2 240
3 6
4 245
5 171
6 28
7 201
8 219
9 155
10 178
11 87
12 97
13 207
14 64
15 117
16 110
17 122
18 83
19 89
20 133
21 194
22 49
23 144
24 20
25 145
26 244
27 208
28 75
29 206
30 98
31 102
32 21
33 122
34 99
35 217
36 128
37 11
38 214
39 160
40 38
41 111
42 179
43 103
44 213
45 120
46 219
47 188
48 163
49 158
50 84
51 69
52 128
53 110
54 125
55 21
56 61
57 222
58 184
59 236
60 92
61 140
62 25
63 3
64 30
65 122
66 73
67 178
68 157
69 227
70 113
71 239
72 59
73 170
74 136
75 146
76 231
77 232
78 54
79 246
80 70
81 50
82 229
83 38
84 156
85 150
86 124
87 171
88 208
89 229
90 112
91 225
92 63
93 77
94 22
95 177
96 179
97 139
98 147
99 187
100 193
101 169
102 165
103 54
104 135
105 57
106 221
107 217
108 121
109 13
110 54
111 81
112 216
113 31
114 106
115 162
116 47
117 11
118 186
119 24
120 1
121 224
122 214
123 53
124 188
125 10
126 195
127 125
128 131
129 61
130 233
131 2
132 137
133 77
134 200
135 232
136 178
137 101
138 73
139 12
140 192
141 190
142 183
143 31
144 65
145 171
146 6
147 110
148 33
149 167
150 222
151 248
152 40
153 112
154 52
155 63
156 110
157 204
158 146
159 175
160 118
161 210
162 177
163 189
164 208
165 17
166 19
167 195
168 152
169 2
170 153
171 109
172 59
173 109
174 227
175 182
176 27
177 151
178 125
179 214
180 83
181 50
182 210
183 202
184 75
185 31
186 95
187 71
188 65
189 98
190 15
191 51
192 41
193 169
194 97
195 135
196 47
197 24
198 154
199 199
200 64
201 179
202 138
203 183
204 160
205 4
206 233
207 240
208 228
209 158
210 157
211 179
212 159
213 120
214 69
215 220
216 67
217 95
218 140
219 37
220 101
221 87
222 141
223 37
224 130
225 47
226 227
227 118
228 103
229 248
230 119
231 216
232 90
233 212
234 246
235 229
236 248
237 214
238 206
239 165
240 153
241 89
242 52
243 154
244 244
245 233
246 240
247 110
248 103
249 4
250 226
251 219
252 31
253 99
254 127
255 229
256 79
257 192
258 49
259 161
260 207
261 161
262 189
263 121
264 38
265 173
266 158
267 230
268 91
269 175
270 154
271 64
272 216
273 81
274 129
275 238
276 175
277 97
278 27
279 85
280 86
281 9
282 176
283 148
284 84
285 54
286 95
287 79
288 249
289 192
290 49
291 221
292 199
293 167
294 108
295 172
296 66
297 150
298 223
299 115
311
53 124
130 266
0 144
170 285
16 98
255 33
257 176
278 66
257 211
278 114
219 237
233 191
220 262
133 197
231 188
189 273
177 4
258 0
154 260
115 147
80 130
255 246
7 38
0 226
235 57
113 14
293 260
54 118
57 285
129 115
263 102
217 43
19 267
147 269
195 3
273 3
48 85
158 259
6 230
224 132
273 103
297 220
150 231
280 103
200 220
33 158
203 176
250 34
80 79
32 274
49 142
149 71
210 79
283 70
240 223
50 271
129 218
246 299
30 121
176 24
144 158
96 171
264 260
98 51
140 203
51 201
5 180
118 74
149 213
20 125
212 183
88 17
208 150
24 195
157 211
90 66
110 293
153 65
260 242
203 152
107 141
110 200
299 27
71 87
14 125
41 117
248 242
15 274
245 173
20 211
239 154
205 229
253 89
166 56
4 260
198 292
120 216
280 167
252 139
98 201
111 116
191 271
28 171
161 45
120 40
158 153
227 250
211 263
94 133
127 95
131 142
116 206
115 24
101 97
61 103
24 108
136 81
215 10
16 5
273 181
120 291
169 65
27 36
128 125
184 167
249 176
46 276
166 267
20 184
291 210
158 111
44 118
118 34
25 167
189 218
214 225
18 28
29 234
227 240
154 40
296 135
183 248
165 211
252 264
76 37
75 145
210 15
92 110
147 137
199 147
15 93
79 129
64 79
201 125
89 58
233 0
189 170
217 146
38 143
38 236
121 119
196 47
88 259
87 135
135 212
284 189
284 234
267 19
215 245
276 261
25 119
131 3
298 239
104 3
179 265
191 107
224 265
221 154
6 50
103 32
132 241
154 77
217 100
89 265
247 222
79 117
216 248
262 29
39 8
203 257
261 152
166 21
157 296
55 130
294 55
121 12
193 227
32 244
91 98
152 256
70 203
239 14
199 166
35 121
243 252
286 219
50 10
123 269
205 243
11 31
292 116
199 271
239 170
136 191
257 33
28 177
210 83
276 89
291 134
11 4
126 91
90 22
64 290
184 213
141 127
279 284
137 70
161 181
65 2
232 132
254 259
147 177
62 110
19 150
177 41
236 120
299 212
259 56
190 52
48 214
244 18
150 101
95 21
231 101
45 161
57 110
228 105
73 37
269 296
3 21
275 218
0 189
262 154
63 43
189 150
35 15
164 194
63 258
152 292
16 214
20 160
150 168
141 147
196 287
201 34
28 171
248 275
253 171
229 93
219 171
20 264
79 230
10 280
13 42
138 82
244 228
193 275
180 200
96 147
270 187
43 33
252 161
24 0
280 78
157 123
298 114
145 62
209 10
49 118
290 255
243 255
185 34
75 121
151 26
251 159
283 14
237 279
298 200
37 85
278 284
42 115
260 167
240 107
266 28
262 163
269 90
223 278
213 261
110 240
278 0
294 207
