2199750 86.133  - 2865.06 2.89
2208077 83.5947 - 2871.72 2.8
2210546 81.4817 - 2870    2.71
2211887 87.5575 - 2870.91 2.98
2211126 83.0568 - 2870.73 2.81
2208699 84.8509 - 2870.37 2.86

1520976 77.6333 - 2871.72 2.8
1522322 83.3632 - 2874.6  2.99
1523701 80.6933 -         3.01
1522668 73.6397 - 2876.13 2.76
1543860 73.5066 - 2943.45 2.81
1555233 76.4118 - 2941.29 2.93
1547191 73.6971 - 2946.15 2.81
1563270 74.7462 - 2973.42 2.84    12A 2S? 2W 6T BCW
1566196 75.3075 - 2973.87 2.82    12A 4T 4W BCW
1545330 74.1933 - 2942.37 2.89    same but area calculated strictly
1566196 72.5724 area buffering
1567595 75.5067 - 2974.05 2.85    12A 4T 4W BCW BCA
1568364 76.0423 - 2973.87 2.87    12A 4T 4W BCW BCS
1568681 78.4889 -         3.01    14A 4T 4W BCW BCA
1568200 76.902  - 2974.95 2.89    13A 4T 4W BCW BCA
1570113 77.8084 - 2978.19 2.92    13A 4T 5W BCA
1559884 76.602                    13A 1T 8W BCA
1574308 85.5233                   13A 6T 5W BCA
1570349 80.1076                   16A 6T 3W BCA
1565995 72.6904 - 2978.1  2.8     16A 4T 3W BCA
1566722 74.6411 - 2979    2.9     20A 4T 3W BCA
1564835 74.4453 - 2977.02 2.86    20A 5T 2W BCA
1566720 75.2931 - 2972.97 2.9     20A 5T 3W
1557370 73.3348 - 2963.88 2.84    20A 1T 1T BCW BCA
1567057 77.0105 - 2974.5  2.94    20A 5T 3W BCA  - broken
1569641 78.1771           3.01    20A 5T 3W BCA
1569330 79.3966                   20A 4T 4W BCA
1564835 74.5966 - 2977.02 2.84    20A 5T 2W BCA
1569324 80.27                     20A 5T 4W
1566421 75.0102           3.01    20A 4T 4W
1565517 74.5539 - 2970.63 2.8     20A 3T 4W BCA
1569330 78.3764 - 2979.27 2.95    20A 4T 4W BCA
1568522 79.2541 - 2971.8  2.95    20A 3T 5W BCA
1569330 74.7328 optimized findBest 20A 4T 4W BCA
1572217 78.5357           3.01    20A 5T 4W BCA
1572226 88.8596                   20A 4T 5W BCA

1567669 66.0064 - 2955.24 2.43    20A 4T 4W BCA

1574054 77.8696           3.01    20A 7T 5W BCA
1573566 75.6725 - 2963.52 2.79    20A 6T 5W BCA

after fix:
1572524 66.3385 - 2964.87 2.47    20A 4T 4W BCA nminY
1572768 66.0556 - 2956.59 2.37    20A 4T 4W BCA nmaxY-1

randomized enabled:
1565342 67.542
1581735 68.7001 - 3005.28 2.65    20A 4T 4W BCA
1591242 68.6877 - 3019.5  2.7     20A 4T 4W 1A
1598565 76.2021 -         3.01    20A 4T 4W 3A
1593290 73.1806 - 3044.25 2.76    20A 4T 4W 2A
1588646 75.1089 - 3021.21 2.92    20A 4T 4W 2A BCA !!
fastrand:
1591778 71.1974 - 3030.21 2.64    20A 4T 4W 2A
1594689 74.5441 - 3032.1  2.77    20A 4T 4W 2A BCA
1603685 78.3453 - 3048.39 2.86    20A 4T 4W 1A 2A BCA
1604956 78.88   - 3067.29 2.83    20A 4T 4W 1A 3A
1607247 81.8219 - 3068.82 2.98    20A 4T 4W 1A 4A
1607927 81.6804 - 3067.92 2.9     20A 4T 4W 1A 3A BCA
1606786 80.7545 - 3074.76 2.99    20A 5T 4W 1A 3A

1556701 72.3112 - 3014.91 2.73    cutoff <14
                          3.01    cutoff <15
                          3.01    cutoff <16

4952792 207.036 - 3077.46 2.95
                  3077.55 2.84
                  3078.45 2.86
                  3080.61 2.9

high limit:
5 1302321
6 994560
7 556912
8 319571
9 228015
10 190504
11 179677
12 176846
13 180302
14 184765
15 190376
16 198312
17 207421
18 217457
19 221386
5348425
3540.73

reference:
5 1271760
6 896570
7 463913
8 272431
9 205051
10 175330
11 170513
12 169744
13 174372
14 179826
15 185905
16 193286
17 202397
18 211890
19 215932
4988920
207.451

5 1260520
6 893076
7 472100
8 278415
9 208558
10 180730
11 175738
12 174690
13 179381
14 184302
15 190500
16 197213
17 206513
18 215639
19 219386
5036761
236.334



5 1275987
6 926045
7 475476
8 277321
9 207669
10 179440
11 171847
12 170376
13 175398
14 180448
15 186543
16 194025
17 202833
18 212518
19 216621
5052547
203.654



5 1274481
6 921016
7 475476
8 277321
9 207669
10 179440
11 171892
12 171036
13 175977
14 180944
15 187399
16 194563
17 203415
18 213218
19 217032
5050879
225.878



5 1271271
6 917818
7 485804
8 282219
9 211567
10 181387
11 176819
12 174624
13 179574
14 184336
15 190220
16 197109
17 206281
18 215461
19 219288
5093778
209.424
3147



5 1273471
6 914796
7 493178
8 285406
9 211685
10 181622
11 175968
12 174385
13 179069
14 183828
15 189951
16 196599
17 205450
18 214928
19 218529
5098865
202.862
3150.99



5 1281119
6 925139
7 485513
8 286906
9 213875
10 180874
11 176539
12 174170
13 179011
14 183551
15 189519
16 196531
17 205252
18 214717
19 218090
5110806
214.393
3160.71



5 1276968
6 915285
7 488885
8 284619
9 212135
10 181733
11 175349
12 174229
13 178635
14 183231
15 189340
16 196056
17 204922
18 214475
19 217715
5093577
229.426
3203.73



5 1283758
6 932069
7 487494
8 286767
9 214331
10 181898
11 176220
12 174026
13 178689
14 183127
15 189102
16 195899
17 204692
18 214418
19 217727
5120217
276.466
3218.85



5 1287904
6 931737
7 492001
8 290986
9 214104
10 184026
11 179147
12 178219
13 182192
14 187083
15 193177
16 200131
17 208967
18 217802
19 221614
5169090
183.968
3292.92



5 1249233
6 888939
7 477396
8 279899
9 209682
10 185532
11 179784
12 179863
13 184414
14 189983
15 196285
16 203324
17 211775
18 220666
19 224698
5081473
191.817
3185.64



5 1287904
6 931737
7 492001
8 290986
9 214104
10 184854
11 179690
12 180204
13 184565
14 190006
15 196260
16 203101
17 211684
18 220944
19 224549
5192589
191.407
3302.91


5 1296784
6 947546
7 502507
8 294242
9 200155
10 181555
11 182580
12 183433
13 189863
14 195424
15 201226
16 208272
17 216686
18 225836
19 229014
5255123
208.731
3349.35


5 1296784
6 947546
7 502507
8 294242
9 200155
10 181555
11 182580
12 183433
13 186510
14 194581
15 202861
16 211672
17 220645
18 230623
19 234533
5270227
188.446
3364.47 2.89

without pragma:
5 1296784
6 947546
7 502507
8 294242
9 200155
10 181555
11 182580
12 183433
13 186510
14 194581
15 202861
16 211672
17 220645
18 230623
19 234533
5270227
194.565
3364.47 2.68 !!

4962332 216.918 3080.61 2.9
4988920 214.203 3110.49 2.82
5011787 203.617 3096 ?
5052547 203.654 3110.31 2.94
5050879 225.878 3114    2.95
4911764 223.085               DualByWidth instead of area

 5 col 20x20
2.11558e+06	2115583	2.18792	ByAreaWithTabu(1)
2.37815e+06	2378149	4.31053	ByAreaWithTabu(2)
2.53524e+06	2535244	6.50174	ByWidthWithTabu(1)
2.66798e+06	2667979	10.3199	FromTopWithTabu(1)
2.72765e+06	2727651	10.7975	ByAreaWithTabu(3)
2.80499e+06	2804991	15.1934	ByColorAndArea()
2.85714e+06	2857135	17.7728	ByWidthWithTabu(2)
2.90252e+06	2902524	17.0623	FromTopWithTabu(2)
2.92925e+06	2929247	20.3663	ByAreaWithTabu(1)
2.9609e+06	2960899	21.9759	FromTopWithTabu(1)
2.97331e+06	2973309	24.6953	ByAreaWithTabu(4)
3.00003e+06	3000027	29.1186	FromTopWithTabu(3)
3.01558e+06	3015577	30.1681	ByAreaWithTabu(1)
3.03876e+06	3038755	40.9162	ByAreaWithTabu(2)
3.05226e+06	3052264	32.5322	ByWidthWithTabu(3)
3.06975e+06	3069752	42.2282	ByWidthWithTabu(4)
3.07211e+06	3072109	82.1907	FromTopWithTabu(2)
3.08254e+06	3082542	71.184	FromTopWithTabu(4)
3.08165e+06	3081650	53.6251	FromTopWithTabu(5)


 5 col 30x30
5.33194e+06	5331936	4.32674	ByAreaWithTabu(1)
6.03129e+06	6031292	8.39085	ByAreaWithTabu(2)
6.48229e+06	6482293	13.0752	FromTopWithTabu(1)
6.77502e+06	6775024	18.9705	ByWidthWithTabu(1)
6.94526e+06	6945258	67.0854	ByAreaWithTabu(3)
7.0962e+06	7096202	28.3387	FromTopWithTabu(2)
7.18872e+06	7188716	39.3622	ByWidthWithTabu(2)
7.28362e+06	7283619	41.172	ByAreaWithTabu(1)
7.38027e+06	7380272	51.8362	FromTopWithTabu(1)
7.45005e+06	7450050	51.2256	ByAreaWithTabu(1)
7.50410e+06	7504105	57.0314	ByColorAndArea()
7.56256e+06	7562560	144.215	ByWidthWithTabu(3)
7.59942e+06	7599418	131.902	ByAreaWithTabu(3)
7.63949e+06	7639493	118	ByAreaWithTabu(2)
7.6798e+06	7679804	106.063	FromTopWithTabu(1)
7.6949e+06	7694898	76.5953	ByWidthWithTabu(1)
7.75562e+06	7755618	121.042	ByAreaWithTabu(4)
7.75879e+06	7758790	195.825	ByAreaWithTabu(1)
7.79343e+06	7793426	193.337	ByWidthWithTabu(3)
7.81e+06	7809997	465.105	ByAreaWithTabu(5)
7.81668e+06	7816675	174.106	ByAreaWithTabu(2)
7.84148e+06	7841477	175.715	FromTopWithTabu(3)
7.84931e+06	7849310	168.851	ByWidthWithTabu(3)


20 col 20z20
1.62313e+06	1623134	1.81777	ByAreaWithTabu(20)
1.65585e+06	1655848	3.54717	ByAreaWithTabu(1)
1.67812e+06	1678120	6.90632	ByAreaWithTabu(14)
1.69366e+06	1693662	1.61633	FromTopWithTabu(17)
1.70141e+06	1701412	1.63509	ByAreaWithTabu(13)
1.70857e+06	1708570	1.91516	ByAreaWithTabu(3)
1.71846e+06	1718456	2.81886	ByAreaWithTabu(2)
1.72697e+06	1726974	2.9965	ByWidthWithTabu(1)
1.72348e+06	1723476	2.93528	ByAreaWithTabu(6)
1.72949e+06	1729494	3.16286	ByAreaWithTabu(8)
1.73435e+06	1734352	3.83998	FromTopWithTabu(16)
1.73726e+06	1737256	3.84276	ByAreaWithTabu(10)
1.74162e+06	1741620	4.57392	ByAreaWithTabu(5)
1.74507e+06	1745066	4.45521	ByAreaWithTabu(10)
1.7468e+06	1746802	4.81682	ByAreaWithTabu(1)
1.74883e+06	1748834	5.4011	ByAreaWithTabu(17)

3054.96 2.96 - bez podziały potem <= 11
3052.17 2.91 - podział z || potem <= 11
3052.98 2.93 - <= 12



7 3 1 3104.91 2.56
8 4 1 timeout
8 3 1 3113.91 2.91
8 2 2 3098.88 2.8
9 2 1 3092.04 2.67
9 3 1 3121.92 2.92
8 3 2 timeout
9 2 2 3106.26 2.94
8 2 2 1 3147.93 2.99
7 3 2 1 timeout
6 3 2 1 3099.24 2.88
8 3 1 1 timeout
8 3 1 S1 3123.45 2.88
8 3 1 S2 timeout
8 2 2 S2 3115.53 2.96
6 4 2 1 timeout
5 4 2 1 3150 2.9
5 4 3 1 S1 timeout
4 4 3 1 3143.52 2.91
5 4 2 1 S1 timeout
4 4 2 2 3160.71 2.95
4 3 3 2 3155.85 2.95
5 3 2 2 3143.43 2.94
4 4 2 1 1    3122.29 2.95
3 3 3 3      3203.73 2.95
3 3 2 2 2    3218.85 2.94 / 2.85 with multi
2 2 2 2 2 2  3185.64 2.96
3 3 3 2 1    3213.99 2.97
3 3 2 2 1 1  3208.05 2.94
3 2 2 2 2 1  timeout
3 3 2 2 2 S1 timeout / timeout
4 2 2 2 2    3174.21 2.96
3<3, 2, 2> 3 2 2 2    3195.81 2.76
3<3, 3, 2> 3 2 2 1    3228.3  2.96
3<3, 2, 2> 3<3, 2, 2> 2 2 1    3198.33 2.91
3<3> 3 2 2 1 timeout
3<3> 3 2 2   3231.18  2.82
3<3> 3<3, 2, 2> 2 2   3236.31  2.99
3<3> 3<3, 3, 2> 2 1   3221.64  2.88/2.91
3<3> 3<3> 2 1   timeout
3<3> 3<3> 2     timeout
3<3> 3<3> 1     3188.43 2.62
3<3> 3<3> 1<3>  3195    2.75
3<3> 3<3, 3, 2> 2 1 1S   timeout
3<4, 3, 3> 3<3, 2, 2> 2 1  3242.25 2.94
3<4, 4, 3> 3<3, 2, 2> 2 1  timeout
3<4, 4, 3> 3<3, 2, 2> 2 S1 3246.66 2.95
3<4, 4, 4> 3<3, 2, 2> 2 S1 3237.03 2.98 !!
3<4, 4, 3> 3<4, 2, 2> 2 S1 3242.13 2.95 !!
3<4, 4, 3> 3<3, 3, 2> 2 S1 timeout
3<4, 4, 3> 3<3, 3, 2> 2    3223.8  2.89
3<5, 4, 3> 3<3, 3, 2> 2    timeout
3<4, 4, 4> 3<3, 3, 2> 2    timeout
3<4, 4, 4> 3<3, 3, 2> 1 S1 3195.36 2.88
3<5, 4, 3> 3<3, 2, 2> 2 S1 timeout
3<4, 4, 2> 3<3, 3, 2> 2 S1 3238 ?
3<5, 4, 3> 3<3, 2, 2> 2    3238.74 2.91
3<5, 5, 3> 3<3, 2, 2> 2    timeout
3<5, 5, 3> 3<3, 2, 2> 2<2, 1> S1 3236.49 2.91
3<5, 4, 3> 3<3, 2, 2> 2<2, 1> S1 3244.86 2.92
3<5, 4, 3> 3<3, 2, 2> 2<2, 2> S1 timeout
3<5, 5, 3> 3<3, 2, 2> 2<2, 1> S1 timeout
3<5, 4, 3> 3<3, 2, 2> 1 S1 S1    3246.84 2.92
3<5, 4, 3> 3<3, 2, 2> 1 S1 S1 S1 timeout
3<5, 4, 3> 3<3, 2, 2> 1 1 S1     timeout
3<5, 4, 3> 3<3, 3, 2> 1 S1 S1    timeout
3<4, 4, 3> 3<3, 3, 2> 1 S1 S1 S1 3236.13 2.9
3<4, 4, 3> 3<3, 3, 2> 1 S1 S1 S1 S1 3238.13 2.96
3<5, 4, 3> 3<3, 2, 2> S1 S1 S1 S1  3252.78 2.92
3<5, 4, 3> 3<3, 2, 1> S1 S1 S1 S1 S1  3219.39 2.92
3<5, 4, 3> 3<3, 2, 1> S1 S1 S1 S1 S1 S1 timeout
3<5, 4, 3> 3<3, 2, 1> 2<2, 1> S1 S1     3219.48 2.9
3<5, 4, 3> 3<3, 2, 1> 2<2, 1> S1 S1 S1  timeout
3<5, 4, 3> 3<2, 2, 2> S1 S1 S1 S1 S1    3233.97 2.91
3<5, 3, 3> 3<3, 2, 2> S1 S1 S1 S1 S1    timeout
3<5, 4, 4> 3<3, 2, 1> S1 S1 S1 S1 S1    timeout
3<5, 4, 4> 3<3, 2, 1> S1 S1 S1 S1       3189.51 2.96
3<5, 5, 4> 3<3, 2, 1> S1 S1 S1 S1       timeout
3<5, 5, 4> 3<3, 1, 1> S1 S1 S1 S1       timeout
3<5, 5, 4> 3<3, 1, 1> S1 S1 S1          3177.99 2.92
3<6, 4, 3> 3<3, 2, 2> S1 S1 S1          3255.21 2.92
3<6, 4, 3> 3<3, 2, 2> S1 S1 S1 S1       timeout
3<6, 5, 3> 3<3, 2, 2> S1 S1 S1          timeout
3<6, 5, 3> 3<3, 2, 2> S1 S1             timeout
3<6, 5, 3> 3<3, 2, 2> S1                3241.53 2.75
3<6, 5, 3> 3<4, 2, 2> S1                3263.67 2.92
3<6, 5, 3> 3<5, 2, 2>                   3224.16 2.92
3<7, 5, 3> 3<4, 2, 2>                   3267.45 2.99
3<8, 5, 3> 3<4, 2, 1>
3<7, 6, 3> 3<4, 2, 1>                   3243.42 2.96
3<8, 4, 3> 3<4, 2, 2>                   3223.17 2.86
3<7, 4, 3> 3<5, 2, 2>                   3243.69 2.99
3<7, 4, 3> 3<4, 3, 2>                   3270.15 2.94
3<7, 4, 3> 3<4, 3, 3>                   timeout
3<6, 4, 3> 3<4, 3, 3>                   3236.4  2.89
3<7, 3, 3> 3<4, 3, 3>                   3255.84 2.96
3<7, 4, 3> 3<3, 3, 3>                   timeout
3<7, 4, 3> 3<3, 3, 3>                   3269.34 2.84
3<7, 4, 3> 3<5, 3, 1>                   3227    2.89
3<7, 4, 3> 3<3, 3, 1> S1                3242.34 2.82
3<7, 3, 3> 3<4, 3, 1> S1                3234.24 2.82
3<7, 4, 3> 3<5, 3, 2>                   timeout
3<7, 4, 3> 3<4, 2, 3>                   3226.14 2.91
3<7, 4, 2> 3<5, 3, 2>                   timeout
3<7, 4, 2> 3<4, 4, 2>                   3210.84 2.84
3<7, 5, 3> 3<3, 3, 2>                   3292.92 2.96
3<7, 6, 3> 3<3, 2, 2>                   3279.15 2.91
3<7, 6, 3> 3<3, 3, 2>                   timeout
3<7, 5, 4> 3<3, 3, 1>                   3232.26 2.97
3<7, 5, 2> 3<3, 3, 3>                   3258.36 2.99
3<7, 5, 2> 2<3, 3> 1<2>                 3261.24 2.99
3<10, 7, 5>                             3282.31 2.82
3<10, 8, 5>                             3273.76 2.90 !!
3<11, 7, 5>                             timeout
3<10, 7, 6>                             3175.2  2.95
3<8, 7, 6> 1<2>                         3156.57 2.93
3<10, 7, 7>                             timeout
3<11, 7, 4>                             3120.39 2.9
3<9, 9, 5>                              3185.64 2.99
3<9, 8, 6>                              3117.51 2.9
3<9, 10, 5>                             timeout


<9 7(1) 5(2) 3(3) 3(1) 3(2) 2(3) 1(1) 1(1) <13 21(1) > 21(0)                3364.47 2.68
<9 8(1) 5(2) 3(3) 3(1) 3(2) 2(3) 1(1) 1(1) <13 21(1) > 21(0)                3335.85 2.71
<9 7(1) 6(2) 3(3) 3(1) 3(2) 2(3) 1(1) 1(1) <13 21(1) > 21(0)                3360.24 2.7
<9 7(1) 5(2) 4(3) 3(1) 3(2) 2(3) 1(1) 1(1) <13 21(1) > 21(0)                3338.19 2.76
<9 7(1) 5(2) 3(3) 4(1) 3(2) 2(3) 1(1) 1(1) <13 21(1) > 21(0)                3362.85 2.72
<9 7(1) 5(2) 3(3) 3(1) 4(2) 2(3) 1(1) 1(1) <13 21(1) > 21(0)                3343.05 2.73
<9 7(1) 5(2) 3(3) 3(1) 3(2) 3(3) 1(1) 1(1) <13 21(1) > 21(0)                3358.17 2.7
<9 7(1) 5(2) 3(3) 3(1) 3(2) 2(3) 2(1) 1(1) <13 21(1) > 21(0)                3360.33 2.77
<9 7(1) 5(2) 3(3) 3(1) 3(2) 2(3) 1(1) 2(1) <13 21(1) > 21(0)                3374.46 2.72
<9 7(1) 5(2) 3(3) 3(1) 3(2) 2(3) 1(1) 1(1) <13 22(1) > 21(0)                3350.79 2.72
<9 7(1) 5(2) 3(3) 3(1) 3(2) 2(3) 1(1) 1(1) <13 21(1) > 22(0)                3368.34 2.8
<9 7(1) 5(2) 3(3) 3(1) 3(2) 2(3) 1(1) 3(1) <13 21(1) > 21(0)                3390.12 2.96
<9 7(1) 5(2) 3(3) 3(1) 3(2) 2(3) 1(1) 4(1) <13 21(1) > 21(0)                3385.26 2.81
<9 7(1) 5(2) 3(3) 3(1) 3(2) 2(3) 1(1) 3(1) 1(2) <13 21(1) > 21(0)           3390.12 2.98
<9 7(1) 5(2) 3(3) 3(1) 3(2) 2(3) 1(1) 3(1) <13 23(1) > 21(0)                3392.46 2.82
<9 7(1) 5(2) 3(3) 3(1) 3(2) 2(3) 1(1) 3(1) <13 23(1) > 23(0)                3394.98 2.91
<9 7(1) 5(2) 3(3) 3(1) 3(2) 2(3) 1(1) 3(1) <13 25(1) > 23(0)                3390.48 2.98
<9 7(1) 5(2) 3(3) 3(1) 3(2) 2(3) 1(1) 3(1) <13 23(1) 1(1) > 23(0)           3396.51 2.95
<9 7(1) 5(2) 3(3) 3(1) 3(2) 2(3) 1(1) 3(1) 1(1) <13 23(1) 1(1) > 23(0)      timeout
<9 7(1) 5(2) 3(3) 3(1) 3(2) 2(3) 1(1) 3(1) 1(1) <13 23(1) > 23(0)           timeout
<9 7(1) 5(2) 3(3) 3(1) 3(2) 2(3) 1(1) 3(1) <13 23(1) 3(1) > 21(0)           3393.63 2.89
<9 7(1) 5(2) 3(3) 3(1) 3(2) 2(3) 1(1) 3(1) <13 23(1) 1(2) > 23(0)           3394.98 2.94
<9 7(1) 5(2) 3(3) 3(1) 3(2) 2(3) 1(1) 3(1) <14 23(1) 1(1) > 23(0)           3395.43 2.94
<9 7(1) 5(2) 3(3) 3(1) 3(2) 2(3) 1(1) 3(1) <12 23(1) 1(1) > 23(0)           3391.38 2.96
<8 7(1) 5(2) 3(3) 3(1) 3(2) 2(3) 1(1) 3(1) <13 23(1) 1(1) > 23(0)           3377.88 2.95
<10 7(1) 5(2) 3(3) 3(1) 3(2) 2(3) 1(1) 3(1) <13 23(1) 1(1) > 23(0)          3393.36 2.95
<9 7(1) 5(2) 3(3) 3(1) 3(2) 2(3) 1(1) 3(1) <12 23(1) 1(1) > 23(1)           3386.79 2.96
<9 7(1) 5(2) 3(3) 3(1) 3(2) 2(3) 1(1) 3(1) <13 23(0) 1(1) > 23(0)           timeout
<9 7(1) 5(2) 3(3) 3(1) 3(2) 2(3) 1(1) 3(0) <13 23(1) 1(1) > 23(0)           3370.23 2.88
<9 7(1) 5(2) 3(3) 3(1) 3(2) 2(3) 1(1) 3(1) <13 24(1) 1(1) > 23(0)           3398.58 2.99
<9 7(1) 5(2) 3(3) 3(1) 3(2) 2(3) 4(1) <13 24(1) 1(1) > 23(0)                timeout
<9 7(1) 5(2) 3(3) 3(1) 3(2) 2(3) 4(1) <13 23(1) 1(1) > 23(0)                3393.45 2.94
<9 7(1) 5(2) 3(3) 3(1) 3(2) 2(3) 5(1) <13 23(1) 1(1) > 23(0)                3392.?  2.98/timeout
<9 11(1) 5(2) 3(3) 3(1) 3(2) 2(3) <13 24(1) 1(1) > 23(0)                    timeout
<9 10(1) 5(2) 3(3) 3(1) 3(2) 2(3) <13 24(1) 1(1) > 23(0)                    3371.13 2.94
<9 7(1) 5(2) 3(3) 3(1) 3(2) 2(3) 1(1) 1(1) 1(1) 1(1) <13 24(1) 1(1) > 23(0) timeout
<9 7(1) 5(2) 3(3) 3(1) 3(2) 2(3) 1(1) 1(1) 1(1) <13 24(1) 1(1) > 23(0)      timeout
<9 7(1) 5(2) 3(3) 3(1) 3(2) 2(3) 1(1) 1(1) <13 24(1) 1(1) > 23(0)           3372.84
<9 8(1) 5(2) 3(3) 3(1) 3(2) 2(3) 1(1) 3(1) <13 24(1) 1(1) > 23(0)           timeout
<9 8(1) 5(2) 3(3) 3(1) 3(2) 2(3) 1(1) 3(1) <13 23(1) 1(1) > 23(0)           timeout
<9 8(1) 5(2) 3(3) 3(1) 3(2) 2(3) 1(1) 3(1) <13 23(1) 1(1) > 22(0)           3369.06 2.94
<9 8(1) 5(2) 3(3) 3(1) 3(2) 2(3) 1(1) 3(1) <13 24(1) > 22(0)                timeout
<9 8(1) 5(2) 3(3) 3(1) 3(2) 2(3) 1(1) 2(1) <13 23(1) > 23(0)                timeout
<9 8(1) 5(2) 3(3) 3(1) 3(2) 2(3) 2(1) <13 23(1) > 23(0)                     3318.66 2.91
<9 8(1) 5(2) 3(3) 3(1) 3(2) 2(3) 3(1) <13 23(1) > 23(0)                     3319.74 2.9
<9 8(1) 5(2) 3(3) 3(1) 3(2) 2(3) 3(1) <13 24(1) 1(1) > 23(0)                3323.25 2.96
<9 9(1) 5(2) 3(3) 3(1) 3(2) 2(3) 2(1) <13 24(1) 1(1) > 23(0)                3335.31 2.98
<9 10(1) 5(2) 3(3) 3(1) 3(2) 2(3) 1(1) <13 24(1) 1(1) > 23(0)               timeout
<9 10(1) 5(2) 3(3) 3(1) 3(2) 1(3) 1(1) <13 24(1) 1(1) > 23(0)               3344.76 2.98
<9 11(1) 5(2) 3(3) 3(1) 3(2) <13 24(1) 1(1) > 23(0)                         3328.65 2.95
<9 11(1) 5(2) 5(3) 3(1) 1(2) <13 24(1) 1(1) > 23(0)                         3294    2.9
<9 11(1) 5(2) 5(3) 3(1) 2(2) <13 24(1) 1(1) > 23(0)                         3319.38 2.93
<9 11(1) 5(2) 5(3) 3(1) 1(2) 1(1) <13 24(1) 1(1) > 23(0)                    3303    2.98
<9 6(1) 5(2) 5(3) 3(1) 3(2) 3(1) <13 24(1) 1(1) > 23(0)                     3308.67 2.89
<9 6(1) 6(2) 6(3) 3(1) 3(2) 3(1) <13 24(1) 1(1) > 23(0)                     timeout
<9 6(1) 6(2) 5(3) 3(1) 3(2) 3(1) <13 24(1) 1(1) > 23(0)                     3303.54 2.99
<10 7(1) 5(2) 3(3) 3(1) 3(2) 2(3) 1(1) 3(1) <13 24(1) 1(1) > 23(0)          timeout
<10 7(1) 5(2) 3(3) 3(1) 3(2) 2(3) 1(1) 2(1) <13 24(1) 1(1) > 23(0)          timeout
<10 7(1) 5(2) 3(3) 3(1) 3(2) 2(3) 1(1) 1(1) <13 24(1) 1(1) > 23(0)          3372.3 2.95
<10 7(1) 5(2) 3(3) 3(1) 3(2) 2(3) 2(1) <13 24(1) 1(1) > 23(0)               3364.02 2.92
<10 7(1) 5(2) 3(3) 3(1) 3(2) 2(3) 3(1) <13 24(1) 1(1) > 23(0)               timeout
<9 7(1) 5(2) 3(3) 3(1) 3(2) 2(3) 1(1) 3(1) <13 24(1) 1(1) > 20(0) 1(1)      timeout
<9 7(1) 5(2) 3(3) 3(1) 3(2) 2(3) 1(1) 3(1) <13 24(1) 1(1) <16 23(1) > 23(0) 3395.07 2.98
<9 7(1) 5(2) 3(3) 3(1) 3(2) 2(3) 1(1) 3(1) <13 24(1) 1(1) <15 23(1) > 23(0) 3395.61 2.98
<9 7(1) 5(2) 3(3) 3(1) 3(2) 2(3) 1(1) 3(1) <13 24(0) 1(1) > 23(0)           3363.48 2.96 / timeout
<9 7(1) 5(2) 3(3) 3(1) 3(2) 2(3) 1(1) 3(1) <13 24(1) 1(0) > 23(0)           3396.87 2.96 / timeout
<9 7(1) 5(2) 3(3) 3(1) 3(2) 2(3) 3(1) 1(1) <13 24(1) 1(1) > 23(0)           timeout


5 2584030
6 955559
7 506515
8 301749
9 205489
10 184825
11 183135
12 185582
13 186510
14 194581
15 202861
16 211672
17 220645
18 230623
19 234533
6588309
236.442

5 1297483
6 940871
7 497895
8 296005
9 205644
10 184825
11 183135
12 185582
13 186510
14 194581
15 202861
16 211672
17 220645
18 230623
19 234533
5272865
210.639

double:
5 1282985
6 892403
7 470928
8 283579
9 177721
10 151750
11 152260
12 157407
13 160455
14 169135
15 177127
16 185268
17 194757
18 204529
19 208687
4868991
219.835

<1,13> 3435.66 2.99
<2,12> 3442.05 2.94
<3,11> 3439.17 2.94
<4,10> 3437.73 2.89
<5, 9> 3443.31 2.94
<6, 8> 3443.4  2.94
<7, 7> 3437.28 2.94
<8, 6> 3446.19 2.93
<9, 5> 3442.14 2.91
<10,4> 3436.56 2.94
<11,3> 3437.37 2.9
<12,2> 3435.66 2.96
<13,1> 3435.66 2.96

<9, 6> 3440.43 2.97
<14,1> 3438.63 2.98

<7> 3437.19 2.76
2:
<7, 10> 3417.57 2.99
<16, 1> timeout
<15, 2> timeout
<14, 3> timeout
<13, 4> timeout
<13, 1> 3399.3 2.96
<14, 1> 3426.3 2.95
<15, 1> timeout
<14, 2> timeout
<13, 3> timeout
<12, 2> timeout
<11, 2> timeout
<10, 2> 3409.38 2.94
<9, 3> 3425.49 2.93
<9, 4> 3423.87 2.97
<8, 5> timeout
<8, 4> 3424.14 2.96/timeout
<8, 3> 3429.18 2.92
<8, 2> 3412.17 2.91
<8, 1> 3416.58 2.81
<7, 6> timeout
<7, 5> 3433.41 2.92
<7, 4> 3409.65 2.91/timeout
<7, 3> 3433.59 2.86
<7, 2> 3413.79 2.89
<7, 1> 3426.39 2.79


<10, 1> 3442.68 2.98
<9, 2> timeout
<9, 1> timeout
<8, 3> timeout
<8, 2> timeout
<8, 1> 3445.56 2.9
<7, 4> timeout
<7, 3> 3440.52 2.99/timeout
<7, 2> 3449.7  2.99/timeout
<7, 1> 3443.67 2.91
<6, 4> 3447.54 2.96/timeout
<6, 3> 3442.77 2.96
<6, 2> 3438.54 2.97
<6, 1> 3444.12 2.93
<5, 5> 3444.93 2.98/timeout
<5, 4> timeout
<5, 3> 3444.21 2.98
<5, 2> 3447.19 2.96
<5, 1> 3445.65 2.91
<4, 6> timeout
<4, 5> 3438.18 2.97
<4, 4> 3437.19 2.98
<4, 3> 3438.9  2.89
<4, 2> 3437.19 2.94
<4, 1> 3442.41 2.81
<3, 7> timeout
<3, 6> 3437.28 2.96/timeout
<3, 5> 3438    2.96
<3, 4> 3440.52 2.92
<3, 3> timeout
<3, 2> 3441.33 2.85
<3, 1> 3437.19 2.8
<2, 9> timeout
<2, 8> 3446.46 2.98
<2, 7> 3437.19 2.98
<2, 6> 3439.44 2.91
<2, 5> 3438.45 2.92/timeout
<2, 4> 3440.07 2.86
<2, 3> 3437.19 2.84
<2, 2> 3437.19 2.87
<2, 1> timeout
<1, 10> timeout
<1, 9> 3437.19 2.97/timeout
<1, 8> 3437.19 2.96
<1, 7> 3437.19 2.95
<1, 6> 3440.61 2.94
<1, 5> 3441.33 2.8
<1, 4> 3437.19 2.77
<1, 3> 3438.9  2.78
<1, 2> 3438.54 2.82
<1, 1> 3437.19 2.8

<11>   3438.63 2.93
<9>    3437.37 2.91/timeout
<8>    3438.36 2.9
<7>    3441.24 2.83
<6>    3440.79 2.87
<5>    3445.02 2.78
<4>    3437.19 2.85
<3>    3437.19 2.85
<2>    3437.19 2.79
<1>    3437.19 2.91

-      3437.19 2.68

5 1279976
6 940871
7 497895
8 296005
9 205644
10 184825
11 183135
12 185582
13 186510
14 194581
15 202861
16 211672
17 220645
18 230623
19 234533
5255358
378.756
3458.16 2.9


20:
5 77706
6 55223
7 40940
8 37549
9 36875
10 37233
11 37231
12 42330
13 37797
14 41605
15 44639
16 43332
17 45516
18 43628
19 43830
665434
6.20525

30:
5 189813
6 121379
7 72593
8 49649
9 42346
10 43210
11 41420
12 42327
13 50555
14 44725
15 51019
16 55761
17 51378
18 50408
19 56972
963555
21.4721

40:
5 347520
6 263511
7 116121
8 75670
9 47663
10 48343
11 46241
12 48293
13 48689
14 50662
15 51694
16 53221
17 55546
18 66294
19 66427
1385895
52.241

50:
5 664937
6 500758
7 268241
8 133137
9 78760
10 56039
11 58243
12 52632
13 49469
14 57589
15 55509
16 59358
17 68205
18 70293
19 67304
2240474
129.784

5 1282516
6 940871
7 497895
8 296005
9 207172
10 185086
11 183135
12 185794
13 186691
14 194670
15 202972
16 211792
17 220873
18 230773
19 234704
5260949
209.798
3470.85 2.95

final version:
5 1284380
6 816832
7 387285
8 275051
9 200577
10 175077
11 182616
12 184905
13 192298
14 196623
15 202502
16 212020
17 221381
18 230779
19 234579
4996905
185.535
games    	15000		80.8471 /s
moves    	5622541		30304.4 /s
positions	10199194	54971.7 /s
variants 	113941002	614120 /s
